== Tat2m
     rmse_step1460        6.497        4.595        6.224        3.683        3.645         3.87
       rmse_step20        2.363        1.937        2.424        2.285        1.969        2.372
         q999_pred        305.4        314.1        314.3        312.5        314.5        313.4
         q999_targ          314          314          314          314          314          314
     spec_ratio_hi       -0.296    -0.006739       0.2308      -0.1524     0.007159       0.2393
      tm_bias_rmse         4.62        1.218         2.63       0.6252       0.2781       0.6964
== FLUT
     rmse_step1460        46.99        45.61         48.8        44.63        43.69        51.98
       rmse_step20        35.27        32.78        39.35         34.4        33.25        43.36
         q999_pred        310.9        345.5          345        335.6        345.4        341.2
         q999_targ        345.9        345.9        345.9        345.9        345.9        345.9
     spec_ratio_hi       -0.721      -0.0473       0.0212      -0.4702     -0.05799      0.02778
      tm_bias_rmse        15.67        5.226        13.83        5.102        2.487        18.28
== U_6
     rmse_step1460        8.806        8.714        8.951        9.413        8.299        9.259
       rmse_step20        6.168        4.493        5.729        5.805        4.557        6.177
         q999_pred        23.14        34.56        33.22        35.14        33.62        34.75
         q999_targ        33.53        33.53        33.53        33.53        33.53        33.53
     spec_ratio_hi      -0.6164     -0.02771       0.3001      -0.2245      0.01082       0.3885
      tm_bias_rmse         4.39        1.302        3.269        1.519       0.4929        2.548
== surface_precipitation_rate
     rmse_step1460    9.687e-05     0.000104    0.0001014    0.0001132    0.0001082    0.0001227
       rmse_step20    0.0001021    9.045e-05     0.000105    0.0001004    8.811e-05    0.0001145
         q999_pred    0.0006601     0.000754    0.0008051    0.0008598    0.0007851      0.00108
         q999_targ      0.00073      0.00073      0.00073      0.00073      0.00073      0.00073
     spec_ratio_hi      -0.7184      -0.1958     -0.06234      -0.3705      -0.1637     0.003975
      tm_bias_rmse    2.026e-05    6.664e-06    1.932e-05    1.049e-05    3.597e-06    2.674e-05
